50
6 34 11 98 52 34 13 4 48 68 71 42 43 6 20 17 43 71 42 89 31 20 0 55 99 11 76 48 8 0 40 93 57 13 5 11 85 18 16 2 37 55 73 61 33 60 4 98 39 43
66 61 26 77 81 67 72 40 1 50 98 82 65 55 87 68 81 85 76 62 66 85 53 47 65 4 96 82 23 92 10 62 84 33 21 42 43 70 50 9 92 58 49 73 99 43 2 24 75 11
80 46 1 45 29 51 68 64 92 7 81 36 63 97 80 92 29 69 61 22 19 68 56 48 96 59 5 1 17 58 24 2 32 45 87 34 55 81 53 0 13 79 8 65 45 90 11 10 55 1
68 48 9 69 88 81 51 3 41 33 60 4 96 71 42 53 44 3 81 81 20 53 8 91 86 18 47 85 30 95 10 80 7 97 66 49 68 39 18 83 98 37 99 49 47 16 68 43 66 15
80 21 75 49 55 7 94 17 58 85 2 44 57 94 94 92 91 85 57 38 54 99 3 20 66 41 66 65 71 17 43 64 13 69 92 47 28 72 43 11 34 64 31 26 41 33 50 5 64 10
25 64 25 97 2 24 34 72 29 10 76 40 10 43 70 68 17 68 17 100 61 63 93 50 99 3 32 91 73 62 43 50 28 64 16 78 81 0 76 77 63 43 89 74 15 88 6 46 58 46
85 53 40 45 27 98 57 43 96 24 23 48 7 53 48 64 33 22 71 48 47 8 37 15 33 64 77 41 7 48 6 75 49 38 13 59 73 97 90 41 31 82 57 34 56 72 73 44 31 88
58 64 73 35 43 6 23 15 2 54 84 63 93 16 61 68 5 60 69 18 41 47 28 76 4 59 64 76 99 36 90 74 1 41 93 49 29 88 8 32 36 21 53 45 54 5 77 1 63 86
21 25 5 34 67 21 97 94 67 24 38 63 59 28 36 67 11 13 56 78 69 71 35 24 66 8 81 50 52 57 14 7 72 55 97 83 55 66 45 19 63 17 24 27 30 4 31 26 9 51
3 1 52 83 41 70 3 5 31 93 55 89 37 23 38 14 36 85 82 41 27 65 3 95 46 100 19 59 28 53 28 65 84 55 50 71 24 49 9 63 5 36 17 60 93 92 13 16 15 58
45 70 78 2 56 66 45 36 46 27 49 6 13 65 96 12 75 85 41 94 10 99 85 26 49 23 53 16 60 17 0 20 100 11 42 4 12 18 28 58 55 25 84 51 7 7 19 14 59 89
11 17 85 5 45 56 26 30 30 100 55 43 85 18 11 86 1 37 41 85 51 44 100 29 7 7 70 8 14 31 36 30 16 71 0 100 77 98 82 69 33 53 71 47 47 80 16 53 4 77
37 44 40 88 0 44 64 97 0 82 37 10 48 92 23 78 41 56 13 93 76 95 68 25 51 81 86 9 24 26 92 45 54 99 61 36 83 70 69 20 49 3 33 93 3 97 80 86 20 99
24 46 23 12 17 91 77 12 34 15 9 46 7 32 46 16 32 52 11 79 33 66 70 15 85 68 15 42 36 81 97 84 39 56 30 0 11 14 79 12 98 56 49 45 86 23 16 49 0 53
26 30 0 53 16 10 22 68 34 53 21 99 49 39 8 3 15 72 50 34 72 6 81 86 69 91 24 39 39 76 70 100 84 43 2 85 18 39 36 25 54 27 63 5 54 8 19 21 85 6
70 28 8 57 74 24 51 72 91 55 91 68 46 9 27 11 56 5 68 39 89 3 26 86 4 19 82 67 12 91 6 52 93 60 78 49 42 84 23 82 84 51 54 84 87 13 11 5 27 19
84 82 17 100 90 84 74 38 46 65 53 90 33 36 52 23 68 67 84 70 11 0 74 77 90 18 66 97 76 84 76 12 58 83 31 80 70 61 3 47 37 96 59 47 82 94 36 68 97 72
75 83 100 43 25 21 5 47 6 74 12 62 47 96 53 84 22 13 84 79 9 29 73 49 17 64 86 91 12 97 62 67 96 29 80 67 63 42 40 77 80 53 100 97 83 34 43 86 61 22
30 13 93 91 6 88 66 91 99 18 47 5 17 18 83 21 87 87 51 95 22 98 71 31 65 83 23 98 62 64 85 0 60 19 35 44 86 64 81 56 28 8 54 95 60 50 40 6 81 54
53 89 11 41 56 59 1 14 4 91 45 46 41 99 30 89 70 88 86 71 60 93 98 75 88 43 85 29 4 23 16 83 57 25 86 60 54 81 1 44 83 16 34 45 69 39 86 9 44 26
6 15 71 16 66 1 76 62 65 53 51 90 63 8 24 23 44 29 42 89 53 94 62 14 50 9 45 65 48 13 25 32 11 88 15 47 22 24 10 8 54 82 83 57 93 55 57 91 5 53
6 12 38 64 50 48 93 42 47 44 8 42 77 23 15 3 56 50 64 41 4 26 36 40 89 36 19 40 77 60 46 28 68 96 4 78 60 19 26 42 30 89 60 71 28 39 99 20 25 59
61 100 42 60 80 57 59 34 55 92 37 10 83 50 59 12 78 41 48 72 72 78 67 16 29 99 7 20 89 53 65 56 86 78 34 77 30 99 37 22 66 30 89 53 94 10 74 49 70 8
47 59 88 80 17 21 44 89 75 16 17 38 53 19 20 58 34 78 29 78 25 37 24 75 76 6 96 39 98 24 78 57 3 23 20 98 42 79 85 20 41 5 12 31 5 44 27 10 22 59
55 22 12 71 67 6 77 84 30 83 13 53 19 30 86 39 21 57 97 16 74 47 94 51 2 78 62 39 55 55 92 76 20 72 18 24 29 38 95 86 56 64 18 86 75 89 25 20 67 21
29 63 95 15 12 38 80 22 89 2 63 92 98 80 85 51 29 70 81 29 79 55 91 9 34 32 71 38 34 30 19 79 26 24 1 84 91 11 52 65 38 62 9 23 59 41 64 9 55 69
39 12 97 57 81 3 18 33 42 16 56 95 93 59 38 14 89 63 61 44 47 15 29 45 89 32 34 73 67 11 13 1 82 91 44 47 57 57 49 19 22 30 22 83 86 42 26 92 57 96
18 99 86 70 31 94 54 47 48 20 33 73 46 98 50 68 89 55 87 83 0 90 29 60 28 86 76 29 19 76 44 56 91 78 41 91 0 83 59 43 58 85 6 30 2 33 17 34 23 62
23 85 98 83 20 30 67 16 22 82 35 100 51 70 60 7 48 72 53 33 100 88 84 41 17 9 29 94 98 56 83 38 11 46 21 53 35 98 58 69 95 61 79 5 7 30 18 59 98 54
29 13 66 63 5 79 79 100 47 16 24 28 2 88 8 9 65 68 64 61 68 80 63 37 81 24 41 50 80 83 25 66 79 27 24 4 84 86 66 24 80 38 35 60 36 17 68 50 41 16
31 19 9 47 81 29 46 13 78 56 7 91 96 2 47 78 97 72 5 82 79 50 92 99 95 43 83 13 21 81 25 98 38 82 52 31 56 75 80 39 25 75 42 36 61 74 89 98 86 32
80 62 47 65 74 46 20 58 63 67 8 82 17 18 81 55 94 6 85 46 50 87 63 82 27 26 42 3 26 83 29 21 78 16 33 31 55 17 74 65 48 48 95 24 0 8 94 81 75 90
77 29 85 20 31 6 63 43 43 26 86 50 50 71 8 68 39 83 99 48 88 23 73 54 22 41 28 45 68 92 74 74 87 4 23 97 55 81 43 99 58 100 91 14 2 63 2 79 88 7
51 8 20 91 12 16 42 82 24 32 30 24 96 31 56 2 4 8 64 27 61 42 70 17 88 21 94 63 94 61 74 85 79 30 14 54 13 59 8 84 95 44 84 9 18 57 74 68 29 71
17 31 28 31 21 10 34 98 79 39 12 30 30 0 87 32 47 46 14 30 65 39 1 8 89 94 90 35 10 98 85 88 66 83 66 50 31 47 42 59 79 26 71 55 62 4 9 100 98 7
13 12 60 50 25 66 89 67 91 94 1 70 92 84 26 44 93 19 16 89 72 20 79 74 82 89 38 33 8 57 2 11 35 64 9 33 52 85 93 85 59 43 15 16 59 85 17 100 79 68
76 78 39 68 94 71 41 63 80 82 73 36 21 25 99 28 100 82 58 40 9 11 60 31 57 50 30 89 49 39 41 68 97 68 90 35 85 70 75 70 93 2 92 67 13 56 87 16 17 61
54 17 85 59 92 15 35 17 31 10 12 78 74 36 43 17 40 87 55 37 10 31 72 95 6 67 50 47 54 98 80 4 33 28 37 59 85 69 27 58 9 26 27 86 21 65 87 38 16 40
23 36 10 51 45 30 53 93 57 96 20 0 37 64 79 0 91 28 56 55 21 37 39 38 98 99 7 92 30 56 28 0 5 46 37 18 54 95 85 73 8 24 97 58 21 2 70 18 15 18
22 100 70 70 68 66 0 7 11 31 59 61 85 98 67 65 45 23 88 53 62 12 3 88 77 32 27 81 49 76 80 43 95 64 73 2 68 23 22 25 37 100 22 63 2 51 17 40 78 63
100 68 58 92 36 18 14 98 28 74 60 89 41 9 26 47 85 92 2 26 38 63 84 52 4 97 96 90 76 96 61 58 28 26 48 15 72 70 77 48 44 13 83 24 25 5 28 67 99 82
99 67 95 25 22 33 52 36 96 84 95 86 23 74 13 0 39 71 33 55 85 10 1 41 85 50 52 83 73 44 72 39 59 98 63 49 19 94 99 23 11 55 86 11 46 26 93 6 89 0
52 22 77 83 12 28 39 84 46 75 96 34 73 20 39 68 21 66 61 70 5 38 36 36 49 3 83 8 69 7 45 93 10 33 9 69 27 5 68 65 88 78 58 66 5 16 36 33 42 69
53 34 79 23 71 24 27 73 58 52 31 2 21 34 53 79 63 6 43 36 66 91 4 25 61 17 80 46 88 45 47 41 70 46 76 93 5 14 81 86 80 74 22 41 32 24 65 89 42 85
93 84 31 60 36 90 69 96 71 73 28 41 87 63 97 78 44 94 54 89 45 97 63 62 7 75 78 82 12 48 70 17 68 37 63 8 35 36 15 15 22 63 45 18 86 80 46 90 8 80
85 27 45 9 55 14 85 83 55 6 90 56 89 22 65 30 7 27 66 20 22 5 82 88 0 70 20 99 15 31 43 4 68 93 30 61 48 44 23 41 6 17 54 30 66 15 34 78 8 98
81 68 8 2 70 93 78 11 44 19 86 96 90 56 67 52 58 6 6 29 8 80 21 2 49 98 24 26 66 97 10 37 76 6 51 59 99 69 58 61 39 11 16 53 62 95 30 14 76 54
44 64 25 48 41 45 17 45 13 81 7 96 98 48 95 10 59 66 34 68 47 40 92 62 72 9 70 43 3 23 53 52 94 92 48 93 57 66 36 39 97 98 47 65 61 28 73 60 43 84
48 10 35 40 30 25 98 9 27 90 70 43 73 89 54 92 4 61 96 23 57 42 7 0 57 5 39 11 50 66 17 41 23 35 81 17 84 13 95 19 72 9 46 42 66 24 78 78 48 63
39 27 68 10 37 33 17 97 99 48 34 74 86 6 12 15 28 79 59 6 98 29 16 48 83 83 79 8 40 54 15 37 6 1 87 70 24 22 43 85 71 34 92 47 45 74 43 53 79 59
